XS
D1 1.500 1.500 1.500 2.000 2.000
D2 0.400 0.400 0.400 0.300 0.300
R1 0.020 0.020 0.020 0.040 0.040
R2 0.010 0.010 0.010 0.000 0.000
S1 0.080 0.085 0.130 0.010 0.055
S2 0.080 0.085 0.130 0.010 0.055
F1 0.135 0.135 0.135 0.000 0.000
F2 0.135 0.135 0.135 0.000 0.000

    D1    D2    R1    R2    S1    S2    F1   F2
1 1.500 0.400 0.020 0.010 0.080 0.080 0.135 0.135
2 1.500 0.400 0.020 0.010 0.085 0.085 0.135 0.135 
3 1.500 0.400 0.020 0.010 0.130 0.130 0.135 0.135
4 2.000 0.300 0.040 0.000 0.010 0.010 0.000 0.000
5 2.000 0.300 0.040 0.000 0.055 0.055 0.000 0.000

GEO
BENCH1
3 2 2 2 3 2 4 4

WIDTH 
20 20 0
